{
 "cells": [
  {
   "cell_type": "code",
   "execution_count": 1,
   "id": "8baabef3",
   "metadata": {},
   "outputs": [
    {
     "name": "stdout",
     "output_type": "stream",
     "text": [
      "[[ 1  2 -1  0]\n",
      " [ 2  3  1  6]\n",
      " [ 0  1  0  1]]\n"
     ]
    }
   ],
   "source": [
    "import numpy as np\n",
    "\n",
    "matrix_a = np.array([[1, 2, -1, 0], [2, 3, 1, 6], [0, 1, 0, 1]])\n",
    "\n",
    "print(matrix_a)"
   ]
  },
  {
   "cell_type": "code",
   "execution_count": null,
   "id": "e132c8f5",
   "metadata": {},
   "outputs": [
    {
     "name": "stdout",
     "output_type": "stream",
     "text": [
      "U:\n",
      " [[ 0.15315131  0.97666775 -0.15054825]\n",
      " [ 0.9719684  -0.17637797 -0.15546141]\n",
      " [ 0.17838754  0.12251902  0.97630271]]\n",
      "S:\n",
      " [7.26324773 2.23310342 0.50841079]\n",
      "Vh:\n",
      " [[ 0.28872595  0.46819212  0.11273429  0.82748078]\n",
      " [ 0.27939226  0.69263278 -0.51634229 -0.41903514]\n",
      " [-0.90767362  0.41073475 -0.00966377  0.08562808]\n",
      " [-0.12126781 -0.36380344 -0.84887469  0.36380344]]\n"
     ]
    }
   ],
   "source": [
    "u, s, vh = np.linalg.svd(matrix_a)\n",
    "\n",
    "print(\"U:\\n\", u)\n",
    "print(\"S:\\n\", s)\n",
    "print(\"Vh:\\n\", vh)"
   ]
  },
  {
   "cell_type": "code",
   "execution_count": 3,
   "id": "3150b484",
   "metadata": {},
   "outputs": [
    {
     "name": "stdout",
     "output_type": "stream",
     "text": [
      "A^+:\n",
      " [[ 0.39705882  0.29411765 -1.72058824]\n",
      " [ 0.19117647 -0.11764706  0.83823529]\n",
      " [-0.22058824  0.05882353 -0.04411765]\n",
      " [-0.19117647  0.11764706  0.16176471]]\n"
     ]
    }
   ],
   "source": [
    "a_daga = np.linalg.pinv(matrix_a)\n",
    "\n",
    "print(\"A^+:\\n\", a_daga)"
   ]
  },
  {
   "cell_type": "code",
   "execution_count": 4,
   "id": "8725210f",
   "metadata": {},
   "outputs": [
    {
     "name": "stdout",
     "output_type": "stream",
     "text": [
      "[1 2 3]\n",
      "A^+ * x:\n",
      " [-4.17647059  2.47058824 -0.23529412  0.52941176]\n"
     ]
    }
   ],
   "source": [
    "x = np.array([1, 2, 3])\n",
    "\n",
    "print(x.T)\n",
    "\n",
    "print(\"A^+ * x:\\n\", a_daga @ x.T)"
   ]
  }
 ],
 "metadata": {
  "kernelspec": {
   "display_name": "amia_env",
   "language": "python",
   "name": "python3"
  },
  "language_info": {
   "codemirror_mode": {
    "name": "ipython",
    "version": 3
   },
   "file_extension": ".py",
   "mimetype": "text/x-python",
   "name": "python",
   "nbconvert_exporter": "python",
   "pygments_lexer": "ipython3",
   "version": "3.12.13"
  }
 },
 "nbformat": 4,
 "nbformat_minor": 5
}
